-----------------------
// male_emotions_svm //
-----------------------------------------------------------------------------------------------------------------------------------------------------------------------------

		neutral			calm			happy			sad			angry		OVERALL
	C 		PRE		REC		F1	 	PRE		REC		F1	 	PRE		REC		F1	 	PRE		REC		F1	 	PRE		REC		F1	 	ACC		F1
	0.001 	20.0	0.0		0.0 	37.6	87.7	52.7 	58.7	49.1	53.5 	44.2	31.3	36.7 	88.3	50.2	64.0 	49.1	41.4
	0.010 	21.5	8.5		12.2 	52.9	78.0	63.0 	63.3	58.8	60.9 	49.2	54.7	51.8 	89.0	67.1	76.5 	59.0	52.9
	0.500 	35.8	49.0	41.4 	62.6	66.1	64.3 	59.6	62.0	60.8 	56.1	47.9	51.7 	81.6	72.2	76.6 	60.7	58.9 	 best F1 	 best Acc
	1.000 	33.4	50.5	40.2 	62.6	61.8	62.2 	57.1	59.2	58.1 	53.4	47.4	50.2 	82.8	71.2	76.6 	59.0	57.5
	5.000 	31.8	49.7	38.8 	60.1	59.3	59.7 	56.5	61.1	58.7 	52.0	39.4	44.9 	82.4	75.9	79.0 	58.0	56.2
	10.000 	32.0	47.5	38.3 	58.1	58.9	58.5 	55.6	58.9	57.2 	48.1	40.4	43.9 	83.0	72.3	77.3 	56.6	55.0
Confusion Matrix:
	neu 	calm 	hap 	sad 	ang
neu 	4.9 	2.6 	1.1 	1.2 	0.2
calm 	3.6 	14.9 	1.6 	2.3 	0.2
hap 	1.7 	2.3 	13.9 	2.7 	1.9
sad 	3.0 	3.7 	3.7 	10.8 	1.4
ang 	0.6 	0.3 	3.1 	2.3 	16.2
Selected params: 0.50000



-------------------------
// male_emotions_knn //
-----------------------------------------------------------------------------------------------------------------------------------------------------------------------------

		neutral			calm			happy			sad			angry		OVERALL
	C 		PRE		REC		F1	 	PRE		REC		F1	 	PRE		REC		F1	 	PRE		REC		F1	 	PRE		REC		F1	 	ACC		F1
	1.000 	40.2	62.7	49.0 	70.6	67.1	68.8 	63.5	52.7	57.6 	61.7	59.2	60.4 	69.2	69.8	69.5 	62.2	61.0 	 best F1 	 best Acc
	3.000 	30.0	68.5	41.7 	64.7	66.1	65.4 	64.2	52.4	57.7 	63.0	42.6	50.8 	74.0	67.8	70.8 	58.3	57.3
	5.000 	35.1	62.2	44.9 	56.3	64.6	60.1 	61.4	50.3	55.3 	59.2	47.0	52.4 	73.6	65.9	69.5 	57.5	56.5
	7.000 	29.7	42.2	34.9 	55.7	67.3	61.0 	57.4	47.7	52.1 	60.5	52.7	56.3 	69.7	63.0	66.2 	56.1	54.1
	9.000 	27.2	30.7	28.9 	52.2	67.3	58.8 	56.2	49.0	52.4 	58.0	50.2	53.8 	70.4	64.6	67.4 	55.1	52.3
	11.000 	22.1	23.7	22.9 	51.8	66.6	58.3 	54.3	45.4	49.5 	58.6	50.9	54.5 	69.2	67.7	68.4 	54.2	50.7
	13.000 	21.1	19.0	20.0 	51.4	73.4	60.5 	56.9	49.1	52.7 	56.0	45.9	50.4 	69.9	65.2	67.5 	54.5	50.2
	15.000 	18.0	15.5	16.6 	50.5	71.1	59.0 	52.5	50.0	51.2 	57.2	43.0	49.1 	68.7	65.2	66.9 	53.1	48.6
Confusion Matrix:
	neu 	calm 	hap 	sad 	ang
neu 	6.3 	1.8 	0.8 	1.2 	0.0
calm 	3.3 	15.1 	1.6 	2.0 	0.5
hap 	1.6 	2.4 	11.8 	2.9 	3.8
sad 	3.6 	1.3 	1.5 	13.3 	2.8
ang 	0.9 	0.7 	3.0 	2.2 	15.7
Selected params: 1.00000



-------------------------
// female_emotions_svm //
-----------------------------------------------------------------------------------------------------------------------------------------------------------------------------

		neutral			calm			happy			sad			angry		OVERALL
	C 		PRE		REC		F1	 	PRE		REC		F1	 	PRE		REC		F1	 	PRE		REC		F1	 	PRE		REC		F1 		ACC		F1
	0.001 	20.0	0.0		0.0 	48.7	90.1	63.3 	62.0	55.2	58.4 	45.3	27.6	34.3 	73.0	80.1	76.4 	56.9	46.5
	0.010 	55.0	58.7	56.8 	64.2	81.7	71.9 	77.6	66.2	71.5 	61.6	57.4	59.5 	87.8	80.1	83.8 	70.1	68.7
	0.500 	49.6	68.7	57.7 	76.7	80.2	78.4 	73.4	73.2	73.3 	70.3	61.3	65.5 	85.8	78.3	81.9 	72.8	71.4
	1.000 	48.0	68.0	56.3 	74.2	76.4	75.3 	70.7	72.0	71.4 	66.5	58.1	62.0 	85.2	76.1	80.4 	70.4	69.1
	5.000 	51.9	71.5	60.1 	76.7	73.8	75.2 	71.6	74.3	73.0 	68.0	64.3	66.1 	88.0	78.0	82.7 	72.5	71.4
	10.000 	51.9	69.0	59.2 	76.4	76.8	76.6 	73.6	77.4	75.5 	67.9	61.0	64.3 	87.0	78.2	82.4 	72.9	71.6 	 best F1 	 best Acc
Confusion Matrix:
	neu 	calm 	hap 	sad 	ang
neu 	6.9 	1.5 	0.7 	0.6 	0.3
calm 	2.3 	17.3 	0.1 	2.9 	0.0
hap 	1.4 	0.3 	17.4 	2.0 	1.4
sad 	1.8 	3.2 	3.0 	13.7 	0.9
ang 	1.0 	0.4 	2.6 	1.0 	17.6
Selected params: 10.00000



-------------------------
// female_emotions_knn //
-----------------------------------------------------------------------------------------------------------------------------------------------------------------------------

		neutral			calm			happy			sad			angry		OVERALL
	C 		PRE		REC		F1	 	PRE		REC		F1	 	PRE		REC		F1	 	PRE		REC		F1	 	PRE		REC		F1	 	ACC		F1
	1.000 	43.2	57.0	49.1 	71.7	74.1	72.9 	64.9	53.0	58.3 	69.2	63.8	66.4 	71.7	77.9	74.7 	66.2	64.3 	 best F1 	 best Acc
	3.000 	31.3	56.5	40.3 	69.4	75.7	72.4 	62.6	50.2	55.7 	69.8	47.8	56.7 	69.3	73.9	71.5 	61.3	59.3
	5.000 	39.1	63.5	48.4 	70.2	77.9	73.9 	70.3	53.8	61.0 	62.4	50.3	55.7 	70.9	74.0	72.4 	63.9	62.3
	7.000 	38.2	69.2	49.2 	70.6	81.3	75.6 	62.6	49.2	55.1 	66.0	40.6	50.2 	70.7	76.8	73.6 	62.7	60.8
	9.000 	33.1	54.0	41.1 	65.7	76.6	70.7 	61.5	50.0	55.1 	64.0	39.3	48.7 	68.8	77.6	72.9 	60.2	57.7
	11.000 	34.0	55.5	42.2 	63.0	78.4	69.9 	59.4	49.3	53.9 	61.2	33.4	43.2 	69.4	76.2	72.6 	59.0	56.4
	13.000 	34.4	52.0	41.4 	62.4	80.6	70.4 	58.5	47.7	52.5 	64.2	34.2	44.6 	68.7	78.0	73.0 	59.3	56.4
	15.000 	38.7	54.5	45.2 	62.0	80.3	70.0 	59.3	46.8	52.3 	62.9	35.7	45.5 	67.1	78.2	72.2 	59.7	57.1
Confusion Matrix:
	neu 	calm 	hap 	sad 	ang
neu 	5.7 	2.6 	1.0 	0.7 	0.0
calm 	2.9 	16.7 	0.1 	2.5 	0.3
hap 	2.5 	0.5 	11.9 	1.9 	5.7
sad 	1.2 	3.2 	2.9 	14.3 	0.9
ang 	0.9 	0.3 	2.5 	1.3 	17.5
Selected params: 1.00000



-------------------------------
// both_genders_emotions_svm //
-----------------------------------------------------------------------------------------------------------------------------------------------------------------------------

		neutral			calm			happy			sad			angry		OVERALL
	C 		PRE		REC		F1	 	PRE		REC		F1	 	PRE		REC		F1	 	PRE		REC		F1	 	PRE		REC		F1	 	ACC		F1
	0.001 	20.0	0.0		0.0 	44.6	86.8	58.9 	56.1	49.2	52.4 	42.4	29.8	35.0 	70.5	68.8	69.6 	52.1	43.2
	0.010 	48.1	40.2	43.8 	59.7	80.1	68.4 	63.1	59.5	61.3 	53.5	44.3	48.4 	79.8	77.3	78.5 	62.5	60.1
	0.500 	45.7	56.8	50.6 	66.7	70.2	68.4 	63.5	61.6	62.5 	54.7	51.6	53.1 	77.4	70.7	73.9 	62.8	61.7 	 best F1 	 best Acc
	1.000 	44.0	56.2	49.4 	65.8	68.1	67.0 	59.5	61.8	60.6 	54.2	49.3	51.7 	77.1	67.7	72.1 	61.1	60.1
	5.000 	40.3	55.7	46.8 	65.3	63.5	64.4 	56.2	60.2	58.2 	52.7	47.2	49.8 	76.7	66.8	71.4 	59.0	58.1
	10.000 	41.1	56.8	47.7 	64.9	64.0	64.4 	54.9	58.1	56.4 	52.1	44.1	47.8 	72.5	66.4	69.4 	58.0	57.1
Confusion Matrix:
	neu 	calm 	hap 	sad 	ang
neu 	6.3 	2.2 	0.4 	1.6 	0.6
calm 	3.0 	15.6 	0.7 	2.8 	0.2
hap 	1.4 	1.1 	13.7 	3.4 	2.7
sad 	2.2 	3.8 	3.6 	11.5 	1.1
ang 	1.0 	0.7 	3.2 	1.7 	15.7
Selected params: 0.50000



-------------------------------
// both_genders_emotions_knn //
-----------------------------------------------------------------------------------------------------------------------------------------------------------------------------

		neutral			calm			happy			sad			angry		OVERALL
	C 		PRE		REC		F1 		PRE		REC		F1 		PRE		REC		F1 		PRE		REC		F1 		PRE		REC		F1 		ACC		F1
	1.000 	42.9	60.7	50.2 	69.1	66.8	67.9 	60.2	50.6	55.0 	62.4	58.7	60.5 	69.3	72.4	70.8 	62.0	60.9 	 best F1 	 best Acc
	3.000 	34.4	70.0	46.1 	64.4	64.7	64.5 	60.5	47.8	53.4 	66.5	48.4	56.0 	71.6	68.6	70.1 	58.8	58.0
	5.000 	39.3	65.2	49.0 	61.1	70.2	65.3 	59.4	46.7	52.3 	60.2	47.1	52.8 	71.0	67.5	69.2 	58.7	57.7
	7.000 	37.4	59.1	45.8 	62.6	69.3	65.8 	56.4	43.3	49.0 	61.6	47.2	53.5 	69.0	73.8	71.3 	58.5	57.1
	9.000 	37.2	51.8	43.3 	58.7	70.4	64.0 	59.0	48.3	53.1 	59.6	44.6	51.0 	71.2	73.9	72.5 	58.5	56.8
	11.000 	34.5	46.1	39.5 	58.7	70.4	64.0 	57.7	44.7	50.4 	60.7	46.6	52.7 	69.9	76.2	72.9 	58.0	55.9
	13.000 	34.8	40.0	37.2 	55.8	72.5	63.0 	56.5	42.8	48.7 	59.6	43.5	50.3 	65.4	74.4	69.6 	56.3	53.8
	15.000 	37.4	41.9	39.5 	55.7	74.4	63.7 	59.2	45.3	51.3 	60.9	42.8	50.3 	67.5	76.6	71.8 	57.8	55.3
Confusion Matrix:
	neu 	calm 	hap 	sad 	ang
neu 	6.7 	2.0 	1.5 	0.8 	0.0
calm 	3.3 	14.9 	1.1 	2.5 	0.5
hap 	2.2 	1.4 	11.2 	2.3 	5.1
sad 	2.5 	2.8 	2.3 	13.0 	1.5
ang 	1.0 	0.4 	2.5 	2.2 	16.1
Selected params: 1.00000
